$ANSIBLE_VAULT;1.2;AES256;dimension-vault
66356135616335303638323434616632346164386333623362666661646361656234613335306632
3737663537336134363838353438663962343139303936390a623266663132316430363434396335
31363932643030633936643566666164616366383630306365333831633436343463316637333663
6539653534376339630a353631366433353262633635333733313064663336323138393166393637
32626366616539626536326164616632646464373262373665666563616431306265613636353231
35393732353063386636333336323962613330613737393435376637393363643236343562323230
39626263613063656163316562626530373738643364653033613434306564303137373534626237
31323065316261343961393131646434323236393739313037376236333235653338623635343763
64333338393265373462323961396237383036373265656332643331653339363136383661633863
62656632343065323734326437613637373939656335383463633064326536356565363166613166
62643861303430366661623262623061653138303465333631333838663339363734303439393438
62373433613262363562313239663537306431396463656535626566333332386138363535316133
31613738343533343564366631303966376635353839363965366532643334363031383533643137
31613561303063313935303230383763363362643762656332306532363066653330343766376562
63313234323037623838393964653035326130333636393838623266353832643861343632663736
66653965636466323335303562353932326365636439383832663462363337636633346634633239
65326663636662333937346664623039656461383435333663316433353131383034356130613264
35653233373031393838323935373437356463643738383836303032383532306666353335623038
30326432616634373131653236396234386435376531623235343834396461316365636634616432
38363335363065623331623330363133623330383838323263633532373134616235373432323734
36336332626131643132313336363739613762356333366135663433653132623532393962313830
66313465613032303534646532363062376637373561353666663365376561343662643837306237
64386134386337353934356566636338346634313937306531346165616630316232653836333064
65343964613336323165393830653462343261653130613438363061656165343734363065633935
66313737633030623135313834326532356564363666346666336532653735383161
